010
010
010
010
010
010
010
010
010
010
110
000
010
010
010
010
010
010
010
000
010
010
010
010
010
010
010
010
010
010
000
010
010
010
000
010
001
001
001
001
011
111
000
010
010
100
000
010
100
010
010
010
010
010
010
010
100
100
010
010
010
100
000
010
010
100
001
001
010
010
010
010
010
010
010
010
010
010
010
010
010
010
010
100
000
100
010
010
010
100
011
011
011
011
011
011
100
011
011
011
011
011
011
011
011
100
000
010
100
000
100
010
110
010
011
111
010
